SIGNAL "Character:Trigger" (#00FFFF, 0.50, 1):
110.62, 1.98, -80.94: 5.88, 3
101.21, 2.31, -82.58: 10.02, 2
151.33, -15.46, -64.17: 33.10, 2
146.60, -15.24, -68.61: 61.12, 1
148.42, -26.04, -65.14: 62.34, 7
148.34, -27.10, -64.94: 62.48, 6
148.25, -28.18, -64.75: 62.60, 6
147.98, -29.30, -64.51: 62.72, 6
147.66, -30.48, -64.30: 62.84, 5
147.36, -31.61, -64.12: 62.94, 5
147.05, -32.76, -63.92: 63.04, 1
106.60, 1.93, -75.99: 63.80, 1
149.98, -15.32, -65.76: 80.66, 1
147.02, -26.33, -65.99: 81.80, 4
146.63, -27.32, -65.87: 81.88, 4
146.14, -28.47, -65.76: 81.96, 4
145.64, -29.63, -65.65: 82.04, 3
145.21, -30.63, -65.57: 82.10, 3
144.81, -31.63, -65.50: 82.16, 3
144.38, -32.72, -65.43: 82.22, 1
154.76, -12.75, -58.74: 118.72, 1
144.43, 11.55, -42.06: 179.96, 1

SIGNAL "Character:PickUp" (#0000FF, 0.50, 1):
112.30, 1.98, -79.60: 6.24, 2
144.01, -6.32, -77.26: 30.78, 1
113.74, 1.98, -78.35: 67.18, 2

SIGNAL "Character:Action" (#00ACFF, 0.50, 1):
101.21, 2.31, -82.58: 10.02, 2

SIGNAL "Character:Jump" (#FFFF00, 0.50, 1):
112.89, 1.98, -82.76: 24.04, 3
113.64, 2.92, -83.85: 24.26, 4
127.01, -2.78, -92.06: 26.97, 5
128.00, -2.07, -91.79: 27.14, 3
145.29, -6.32, -74.82: 31.18, 3
145.73, -5.57, -73.80: 31.35, 3
146.18, -5.09, -72.66: 31.53, 1
110.45, 1.98, -82.85: 45.93, 2
110.64, 2.57, -83.66: 46.05, 3
117.05, 1.93, -95.22: 48.13, 2
117.85, 2.56, -95.43: 48.26, 2
118.75, 3.07, -95.73: 48.38, 1
124.63, 1.93, -99.40: 49.56, 2
123.92, -2.54, -91.51: 55.62, 3
141.33, -6.51, -72.63: 60.06, 3
142.06, -7.05, -72.10: 60.22, 3
142.83, -7.88, -71.55: 60.37, 3
143.61, -9.00, -70.97: 60.53, 2
144.10, -9.80, -70.60: 60.63, 2
113.45, 1.98, -78.00: 68.27, 2
114.24, 2.57, -77.84: 68.39, 3
126.42, -6.04, -77.83: 70.29, 4
126.89, -5.31, -77.24: 70.52, 1
139.26, -6.21, -73.30: 78.74, 2
139.98, -5.64, -72.88: 78.84, 3
140.82, -5.11, -72.39: 79.00, 3
141.77, -4.80, -71.82: 79.15, 3
142.63, -4.75, -71.19: 79.30, 4
143.65, -5.07, -70.35: 79.51, 3
144.38, -5.58, -69.77: 79.66, 3
145.22, -6.36, -69.11: 79.81, 3
146.08, -7.41, -68.46: 79.96, 2
146.63, -8.23, -68.06: 80.07, 2
147.18, -9.14, -67.66: 80.16, 2
147.73, -10.19, -67.26: 80.27, 2
148.28, -11.35, -66.86: 80.37, 2
148.84, -12.63, -66.46: 80.47, 2
149.40, -13.94, -66.09: 80.57, 2
150.09, -15.64, -65.70: 80.69, 2
150.68, -17.25, -65.43: 80.79, 3
150.56, -18.40, -65.52: 80.94, 3
149.86, -19.21, -65.63: 81.10, 3
149.07, -20.36, -65.70: 81.27, 2
148.60, -21.27, -65.76: 81.37, 2
148.20, -22.27, -65.83: 81.48, 1
114.46, 2.91, -84.77: 85.22, 3
115.23, 3.39, -85.75: 85.42, 2
142.94, -6.28, -74.58: 98.47, 3
143.61, -5.55, -73.69: 98.62, 3
144.20, -5.10, -72.92: 98.78, 3
144.87, -4.86, -72.03: 98.94, 3
145.48, -4.88, -71.13: 99.10, 3
146.06, -5.19, -70.22: 99.26, 3
146.65, -5.76, -69.30: 99.42, 2
147.10, -6.33, -68.62: 99.52, 3
147.64, -7.28, -67.82: 99.68, 2
154.76, -12.84, -58.74: 118.72, 4
154.75, -11.66, -58.57: 118.99, 6
116.32, 0.03, -33.51: 125.08, 4
103.93, 10.89, -22.12: 141.08, 4
115.45, 0.06, -21.79: 145.13, 3
116.24, -11.16, -21.81: 148.02, 7
116.66, -12.05, -22.49: 148.39, 1
116.80, -7.37, -22.71: 150.37, 2
116.27, -7.39, -21.86: 150.47, 2
115.74, -7.42, -21.01: 150.58, 2
116.83, -13.71, -26.66: 152.90, 8
116.90, -14.70, -27.42: 153.32, 2
120.13, -7.18, -33.68: 161.52, 3
119.26, -2.91, -34.26: 162.59, 4
118.58, -3.54, -34.70: 162.84, 4
117.95, -4.70, -35.02: 163.08, 2
116.58, -5.54, -35.00: 163.44, 6
115.77, -6.35, -35.27: 163.78, 4
115.26, -7.64, -35.39: 164.01, 1
116.58, -7.97, -36.03: 164.47, 8
116.50, -9.07, -36.36: 164.89, 1
130.79, 1.06, -27.64: 174.74, 4
144.40, 11.56, -42.02: 179.94, 3
144.73, 8.42, -35.60: 181.94, 3
140.97, 8.30, -25.91: 201.37, 3
140.58, 9.20, -24.95: 201.56, 3
140.22, 9.72, -23.83: 201.75, 3
139.97, 9.85, -22.77: 201.94, 2
139.63, 16.56, -13.16: 204.36, 4
135.53, 16.10, -10.01: 206.06, 3
121.98, 8.10, -7.31: 210.65, 3
115.48, 8.10, -2.10: 211.91, 2
89.20, 7.68, -12.54: 220.12, 2
88.32, 8.26, -12.47: 220.25, 1
68.03, -2.91, -10.84: 223.03, 3
66.64, -3.15, -10.74: 223.22, 1

SIGNAL "Character:Ragdoll" (#FF000C, 0.50, 1):
151.69, -16.63, -63.85: 33.20, 1

SIGNAL "Character:Death" (#000000, 0.50, 1):
151.69, -16.63, -63.85: 33.20, 1

SIGNAL "Character:Crouch" (#FF7A00, 0.50, 1):
97.32, 20.82, -29.62: 136.87, 1
97.32, 19.39, -29.62: 137.11, 1

