SIGNAL "Character:Trigger" (#00FFFF, 0.50, 1):
185.64, 10.31, -85.94: 239.34, 1
185.95, 12.17, -89.05: 246.76, 1
187.17, 9.49, -105.39: 271.22, 1
187.73, 6.12, -111.90: 283.16, 1
186.48, 6.85, -96.49: 291.60, 1
186.54, 8.05, -96.48: 294.56, 1
199.05, 3.00, -101.62: 299.52, 1
207.37, 2.58, -102.69: 300.94, 2
187.53, 1.96, -109.54: 335.16, 1
187.08, 1.96, -103.64: 337.46, 2
185.22, 2.58, -81.34: 353.62, 3
185.43, 1.96, -82.15: 356.20, 1
185.09, 8.83, -78.53: 371.54, 1
185.18, 12.39, -80.20: 375.30, 1
164.66, 6.71, -102.74: 403.46, 2
164.70, 5.75, -101.84: 407.28, 1
168.04, 11.43, -92.87: 428.38, 1
159.89, 11.21, -80.07: 473.14, 1
165.68, -6.25, -62.72: 580.43, 2
166.79, -0.47, -65.93: 582.86, 1
139.12, 2.47, -80.13: 592.94, 2
135.30, -2.37, -78.95: 596.36, 1
111.76, 1.98, -81.22: 627.66, 1
102.88, 2.05, -81.05: 632.30, 1
101.77, 2.27, -81.54: 635.37, 1
48.77, 0.96, -108.35: 673.22, 1
47.03, 1.03, -109.83: 673.85, 1
40.14, 0.93, -111.37: 677.58, 1
29.14, 7.76, -108.90: 682.47, 1
38.17, 7.62, -105.49: 689.06, 1
22.98, -11.42, -102.57: 697.60, 1
-1.17, -15.29, -118.33: 720.68, 2
-2.19, -15.10, -118.61: 722.94, 1
-6.43, -14.79, -118.85: 725.86, 1
-12.06, -15.07, -122.36: 726.90, 1
-14.32, -14.78, -124.85: 728.04, 1
-17.05, -15.06, -130.24: 729.10, 1
-18.24, -14.76, -133.61: 731.42, 1
-18.38, -14.97, -139.62: 732.66, 5
-17.10, -14.80, -143.65: 741.98, 1
-11.16, -14.81, -151.80: 744.22, 1
-2.19, -14.83, -155.64: 747.52, 1
4.14, -15.09, -155.57: 748.60, 2
8.32, -14.77, -154.40: 750.06, 2
12.94, -14.76, -151.96: 763.92, 1
-6.75, -14.86, -154.85: 769.58, 1
-16.76, -10.33, -128.44: 775.90, 1
-6.86, -12.10, -99.40: 780.68, 1
-4.19, -3.73, -74.54: 785.20, 1
-2.11, -14.39, -73.17: 786.80, 1
-5.07, -10.68, -81.55: 796.58, 1
-21.17, 3.78, -61.57: 801.64, 1
17.92, -12.43, -75.30: 830.70, 1

SIGNAL "Character:Jump" (#FFFF00, 0.50, 1):
262.55, 2.82, -100.97: 65.63, 4
262.12, 3.67, -100.51: 65.83, 1
228.54, 1.82, -89.90: 72.90, 5
227.97, 2.65, -90.37: 73.08, 1
261.23, 1.82, -93.14: 99.92, 6
261.99, 2.71, -92.98: 100.10, 1
255.32, 1.82, -91.96: 106.65, 4
254.62, 2.54, -91.30: 106.78, 4
237.75, 0.11, -73.03: 118.27, 3
236.84, 0.94, -72.72: 118.41, 4
236.08, 1.67, -72.80: 118.57, 18
239.01, 0.07, -71.95: 120.33, 6
238.89, 0.98, -71.17: 120.51, 6
238.62, 1.57, -70.38: 120.68, 15
239.06, 1.86, -69.49: 121.12, 29
239.26, 0.12, -70.02: 122.39, 7
239.17, -0.15, -77.61: 125.60, 6
238.44, 0.61, -77.55: 127.97, 6
238.77, 1.66, -77.76: 128.16, 1
243.87, -0.38, -75.31: 167.63, 10
243.50, 0.40, -74.53: 167.81, 27
243.11, 1.30, -74.34: 169.80, 10
242.17, 1.12, -73.94: 174.60, 17
239.75, -0.07, -74.29: 178.56, 7
240.28, 0.84, -74.30: 178.76, 10
241.04, 1.52, -74.17: 179.03, 2
242.61, -0.23, -73.68: 180.43, 6
242.59, 1.09, -73.02: 180.73, 9
240.47, 1.55, -72.41: 183.20, 3
239.81, 2.29, -72.10: 183.35, 4
238.91, 2.87, -71.71: 183.53, 3
233.18, 3.59, -70.79: 184.60, 3
232.49, 4.34, -71.23: 184.74, 3
231.71, 5.04, -71.74: 184.88, 5
231.36, 6.08, -71.88: 185.10, 4
225.39, 7.13, -75.40: 187.24, 6
224.70, 7.85, -75.81: 187.35, 10
223.90, 8.54, -76.30: 187.49, 9
223.14, 8.97, -76.83: 187.64, 26
223.18, 9.04, -77.90: 190.95, 26
226.03, 6.95, -76.18: 199.76, 4
224.74, 8.21, -76.83: 200.00, 3
223.15, 7.95, -77.72: 200.93, 5
223.18, 11.12, -77.73: 202.62, 5
223.07, 12.17, -77.77: 202.82, 1
206.94, 13.81, -81.23: 217.29, 8
207.59, 14.42, -80.64: 217.44, 9
208.32, 14.78, -79.92: 217.63, 9
209.07, 14.80, -79.17: 217.80, 15
205.58, 14.34, -82.64: 221.47, 9
203.29, 14.59, -87.20: 224.83, 4
200.28, 10.75, -90.19: 234.26, 6
196.09, 9.46, -89.06: 236.28, 8
195.50, 10.33, -88.77: 236.52, 4
189.45, 9.48, -85.82: 238.68, 4
188.38, 10.06, -85.72: 238.84, 3
184.70, 9.90, -87.02: 240.04, 5
184.49, 10.97, -87.53: 240.24, 3
183.13, 10.75, -90.20: 246.31, 5
183.97, 11.41, -89.81: 246.44, 3
196.85, 9.95, -89.52: 248.90, 5
202.28, 11.48, -89.23: 250.65, 8
202.36, 12.56, -89.25: 250.84, 9
203.28, 11.91, -92.40: 255.60, 6
203.26, 12.71, -93.12: 255.77, 8
203.39, 13.33, -94.11: 255.98, 2
205.58, 10.03, -98.19: 257.27, 8
205.81, 9.05, -98.24: 257.48, 3
205.84, 11.99, -98.99: 259.16, 7
197.71, 9.97, -104.30: 267.21, 4
196.99, 10.47, -104.92: 267.37, 1
189.66, 8.27, -106.58: 270.76, 4
188.74, 8.92, -106.05: 270.92, 2
184.11, 9.26, -112.09: 280.36, 15
184.56, 10.18, -111.58: 281.35, 9
187.73, 6.13, -111.74: 283.30, 8
187.94, 7.09, -111.55: 283.52, 2
189.18, 7.52, -109.89: 284.93, 6
189.09, 8.51, -109.69: 285.09, 3
192.77, 9.42, -105.00: 289.66, 4
187.23, 7.71, -97.69: 291.28, 6
185.23, 6.71, -96.29: 294.28, 5
185.90, 7.55, -96.38: 294.43, 6
186.73, 8.17, -96.52: 294.61, 1
190.37, 5.46, -97.75: 295.96, 6
190.68, 6.36, -98.06: 296.14, 6
197.54, 1.96, -101.58: 299.30, 5
198.36, 2.63, -101.60: 299.44, 3
194.71, 1.96, -109.24: 314.20, 8
194.30, 2.95, -109.14: 314.41, 10
193.27, 1.96, -108.85: 316.23, 5
196.35, 2.86, -109.22: 317.59, 6
197.18, 3.70, -109.20: 317.74, 7
198.01, 4.27, -109.29: 317.92, 6
198.88, 4.97, -109.72: 319.64, 6
198.89, 5.90, -109.25: 319.80, 2
196.93, 6.29, -105.16: 323.83, 5
197.59, 7.03, -104.97: 323.96, 3
200.84, 6.20, -102.82: 326.35, 6
200.12, 7.05, -103.16: 326.51, 6
193.53, 6.71, -84.37: 351.98, 3
192.75, 7.51, -83.83: 352.14, 3
185.85, 1.96, -81.12: 363.73, 4
185.31, 2.87, -81.12: 363.92, 1
182.43, 2.86, -81.03: 365.20, 4
181.85, 3.77, -81.00: 365.38, 10
180.77, 5.00, -80.24: 368.39, 8
180.98, 6.00, -79.95: 368.58, 7
182.88, 6.71, -78.44: 370.59, 7
183.32, 7.64, -78.46: 370.76, 11
184.07, 8.30, -78.51: 371.05, 7
185.42, 8.63, -78.54: 371.80, 7
185.55, 9.69, -78.55: 371.98, 20
186.11, 10.57, -78.64: 372.49, 3
186.36, 10.87, -79.92: 374.90, 4
165.84, 4.88, -100.10: 410.82, 7
166.41, 5.34, -99.27: 411.01, 7
167.00, 5.52, -98.40: 411.18, 7
167.61, 5.36, -97.50: 411.36, 5
169.43, 3.09, -97.50: 412.12, 8
170.04, 3.88, -97.65: 412.31, 8
172.45, 4.61, -98.42: 413.29, 9
172.50, 5.58, -98.12: 413.50, 7
166.33, 6.71, -82.78: 440.08, 5
166.42, 7.64, -82.17: 440.27, 1
176.94, 9.30, -83.13: 449.00, 7
177.08, 10.16, -82.52: 449.17, 10
177.26, 10.79, -81.58: 449.42, 10
176.88, 10.89, -77.31: 454.98, 2
168.91, 6.71, -78.82: 456.85, 5
168.83, 7.73, -78.83: 457.08, 2
165.72, 7.64, -79.76: 458.85, 7
162.75, 7.06, -82.17: 460.46, 9
162.94, 8.09, -82.12: 460.71, 18
163.99, 7.64, -79.88: 464.10, 2
164.41, 8.72, -79.28: 464.34, 5
164.52, 8.61, -81.32: 468.12, 4
163.67, 9.51, -81.10: 468.29, 5
162.76, 10.14, -80.87: 468.47, 7
154.51, 11.21, -82.87: 514.40, 3
153.83, 11.81, -83.28: 514.52, 2
162.48, -6.26, -56.39: 579.03, 5
162.91, -5.48, -57.34: 579.18, 2
163.00, -0.38, -68.47: 585.37, 3
162.23, 0.29, -68.54: 585.50, 1
158.51, 0.45, -70.01: 586.60, 19
156.52, 1.96, -72.74: 589.66, 3
155.75, 2.64, -73.14: 589.78, 3
145.25, 1.99, -80.38: 591.89, 4
144.31, 2.82, -80.39: 592.05, 2
134.09, -2.35, -79.51: 601.41, 3
133.36, -1.68, -79.68: 601.54, 4
132.34, -0.98, -79.95: 601.70, 2
124.10, -6.02, -81.06: 603.68, 6
123.61, -5.02, -80.89: 603.89, 5
123.43, -4.18, -82.66: 607.28, 5
123.70, -3.21, -83.43: 607.41, 6
123.97, -2.44, -84.21: 607.56, 6
124.28, -1.91, -85.14: 607.72, 5
124.97, -1.66, -87.78: 608.18, 7
124.92, -2.18, -88.73: 608.35, 2
125.42, -2.54, -90.22: 608.66, 6
126.02, -1.70, -90.98: 608.80, 3
127.35, -1.59, -93.78: 610.15, 9
126.88, -2.25, -93.03: 610.37, 1
125.07, -2.54, -91.75: 611.33, 8
125.07, -1.51, -91.98: 611.53, 9
131.47, 3.07, -100.80: 613.93, 5
131.71, 3.86, -101.56: 614.05, 6
131.98, 4.55, -102.44: 614.19, 6
132.16, 5.04, -103.33: 614.33, 4
132.96, 3.40, -108.47: 616.32, 6
132.92, 4.41, -108.51: 616.53, 1
131.88, 4.19, -109.09: 617.76, 20
131.07, 3.62, -108.65: 618.83, 4
130.36, 1.95, -107.95: 619.14, 6
128.43, 2.25, -108.36: 619.56, 8
127.16, 1.93, -109.54: 620.59, 7
127.16, 3.07, -109.54: 620.83, 12
125.75, 3.38, -109.06: 621.63, 5
125.61, 4.26, -108.27: 621.80, 3
95.68, 2.04, -89.22: 655.28, 4
95.10, 2.77, -89.60: 655.43, 1
64.84, 1.10, -104.37: 665.78, 3
63.96, 1.72, -104.35: 665.88, 3
10.60, -11.44, -117.23: 710.68, 5
9.84, -10.77, -117.38: 710.81, 3
5.50, -11.44, -118.42: 711.79, 7
4.15, -12.37, -117.18: 716.67, 27
4.68, -11.43, -117.74: 718.42, 8
4.44, -10.45, -117.65: 718.61, 3
2.58, -10.21, -117.17: 719.92, 9
1.74, -10.86, -117.44: 720.12, 7
0.99, -11.70, -117.68: 720.28, 6
-1.84, -14.90, -118.54: 721.82, 8
-6.09, -15.12, -118.64: 725.81, 5
-6.77, -14.47, -119.06: 725.93, 6
-7.57, -13.87, -119.54: 726.07, 3
-14.19, -15.12, -124.48: 727.99, 6
-14.48, -14.33, -125.29: 728.14, 3
-18.08, -15.12, -133.28: 731.37, 5
-18.38, -14.44, -133.96: 731.49, 6
-18.68, -13.88, -134.77: 731.63, 1
-17.75, -15.49, -139.19: 733.14, 75
-18.35, -14.70, -139.58: 735.34, 11
-18.24, -13.69, -139.34: 735.53, 4
-18.47, -19.08, -138.92: 736.87, 4
-18.51, -20.19, -138.88: 736.95, 4
-18.57, -21.61, -138.88: 737.04, 4
-18.60, -22.72, -138.94: 737.13, 2
-17.24, -15.12, -143.31: 741.92, 5
-16.93, -14.40, -144.08: 742.07, 5
-11.49, -15.12, -151.63: 744.18, 14
-10.76, -14.36, -151.98: 744.32, 11
-9.91, -13.81, -152.30: 744.46, 4
-2.56, -15.12, -155.66: 747.47, 3
-1.73, -14.41, -155.59: 747.62, 3
-0.83, -13.81, -155.46: 747.77, 2
7.87, -15.14, -154.64: 750.00, 3
8.78, -14.43, -154.16: 750.14, 5
9.58, -13.99, -153.72: 750.29, 1
13.08, -15.12, -151.87: 763.87, 7
12.70, -14.21, -152.10: 764.03, 11
12.05, -13.43, -152.51: 764.28, 15
8.13, -14.22, -154.96: 765.51, 6
3.96, -15.12, -155.81: 767.55, 5
3.06, -14.38, -155.88: 767.68, 6
2.15, -13.83, -155.94: 767.83, 3
-6.46, -15.14, -154.94: 769.54, 5
-7.15, -14.44, -154.73: 769.66, 7
-8.02, -13.87, -154.37: 769.84, 1
-16.74, -10.43, -128.48: 775.89, 6
-6.92, -12.10, -99.48: 780.66, 6
-4.25, -3.72, -74.63: 785.19, 3
-2.11, -14.39, -73.15: 786.79, 10
-2.09, -15.36, -73.74: 787.21, 3
-2.62, -15.24, -74.96: 787.58, 9
-2.86, -16.04, -75.77: 787.95, 2
-3.46, -16.07, -77.05: 788.32, 8
-3.79, -16.72, -77.86: 788.64, 2
-4.66, -16.73, -79.67: 789.11, 8
-5.06, -17.34, -80.56: 789.43, 2
-5.42, -18.65, -81.36: 789.90, 10
-5.73, -19.51, -82.02: 790.29, 5
-5.85, -20.54, -82.29: 790.48, 1
-5.06, -10.68, -81.53: 796.56, 5
-21.16, 3.78, -61.55: 801.64, 5
17.92, -12.42, -75.30: 830.70, 10

SIGNAL "Character:PickUp" (#0000FF, 0.50, 1):
180.76, 10.96, -91.51: 241.64, 1
202.37, 11.14, -102.48: 263.22, 1
200.83, 6.76, -103.00: 324.82, 1
177.91, 11.04, -77.63: 450.30, 1
146.16, 11.13, -94.63: 520.04, 1
165.63, -0.28, -69.05: 553.66, 1
163.59, -6.26, -48.55: 564.94, 1
112.30, 1.98, -79.53: 627.96, 1

SIGNAL "Character:Crouch" (#FF7A00, 0.50, 1):
191.47, 1.96, -111.35: 331.15, 1
187.89, 1.96, -92.98: 341.72, 1
174.53, 6.71, -92.07: 417.32, 1
174.87, 6.71, -79.82: 423.98, 1

SIGNAL "Character:Ragdoll" (#FF000C, 0.50, 1):
164.71, 5.96, -102.27: 404.48, 2
138.64, 2.05, -80.07: 593.02, 1
135.30, -2.37, -78.95: 596.36, 1

SIGNAL "Character:Action" (#00ACFF, 0.50, 1):
165.68, -6.25, -62.72: 580.43, 1
102.88, 2.05, -81.05: 632.30, 1
101.77, 2.27, -81.54: 635.37, 1
47.03, 1.03, -109.83: 673.85, 1
40.14, 0.93, -111.37: 677.58, 1
29.14, 7.76, -108.90: 682.47, 1
38.17, 7.62, -105.49: 689.06, 1

